mean <- 42.3418
HPDH <- 48.0
HPDL <- 34.1

colaptes_branch_length <- 0.16969979

#colaptes
0.16969979/(c(34.1, 42.3418, 48.0) * 1e6)

merops_branch_length <- 0.12968142

mean_merops <- 42.3418

HPHD_merops <-48.0

HPHL_merops <- 34.1

# merops
0.12968142/(c(34.1, 42.3418, 48.0) * 1e6)

buceros_branch_length <- 0.11299359

apaloderma_branch_length <- 0.12107838

mean_buceros <- 51.9849

mean_apaloderma <- 55.0956

buceros_HPDL <- 48.7 

buceros_HPDH <- 54.9

apaloderma_HPDL <- 52

apaloderma_HPDH <- 57.9

# buceros

0.11299359/(c(48.7, 51.9849, 54.9) * 1e6)

# apaloderma

0.12107838/(55.0956 * 1e6)

